
Mon 27 Nov 19:55:37 UTC 2017
Scope Data =-16384,-16384,-16384,-16384,-16384,-16384,-16384,-16384,-16384,-16384,-16384,-16384,-16384,-16384,-16384,-16384,-16384,-16384,-16384,-16384

Mon 27 Nov 19:57:34 UTC 2017
Scope Data =-16384,-16384,-16384,-16384,-16384,-16384,-16384,-16384,-16384,-16384,-16384,-16384,-16384,-16384,-16384,-16384,-16384,-16384,-16384,-16384

Mon 27 Nov 19:58:09 UTC 2017
Scope Data =-16384,-16384,-16384,-16384,-16384,-16384,-16384,-16384,-16384,-16384,-16384,-16384,-16384,-16384,-16384,-16384,-16384,-16384,-16384,-16384

Mon 27 Nov 19:58:36 UTC 2017
Scope Data =-16384,-16384,-16384,-16384,-16384,-16384,-16384,-16384,-16384,-16384,-16384,-16384,-16384,-16384,-16384,-16384,-16384,-16384,-16384,-16384

Mon 27 Nov 20:08:24 UTC 2017
Scope Data =-16384,-16384,-16384,-16384,-16384,-16384,-16384,-16384,-16384,-16384,-16384,-16384,-16384,-16384,-16384,-16384,-16384,-16384,-16384,-16384

Mon 27 Nov 20:09:03 UTC 2017
Scope Data =-16384,-16384,-16384,-16384,-16384,-16384,-16384,-16384,-16384,-16384,-16384,-16384,-16384,-16384,-16384,-16384,-16384,-16384,-16384,-16384

Mon 27 Nov 20:12:08 UTC 2017
Scope Data =-16384,-16384,-16384,-16384,-16384,-16384,-16384,-16384,-16384,-16384,-16384,-16384,-16384,-16384,-16384,-16384,-16384,-16384,-16384,-16384

Mon 27 Nov 20:12:23 UTC 2017
Scope Data =-16384,-16384,-16384,-16384,-16384,-16384,-16384,-16384,-16384,-16384,-16384,-16384,-16384,-16384,-16384,-16384,-16384,-16384,-16384,-16384

Mon 27 Nov 20:19:45 UTC 2017
Scope Data =-16384,-16384,-16384,-16384,-16384,-16384,-16384,-16384,-16384,-16384,-16384,-16384,-16384,-16384,-16384,-16384,-16384,-16384,-16384,-16384

Mon 27 Nov 20:21:08 UTC 2017
Scope Data =-16384,-16384,-16384,-16384,-16384,-16384,-16384,-16384,-16384,-16384,-16384,-16384,-16384,-16384,-16384,-16384,-16384,-16384,-16384,-16384

Mon 27 Nov 20:37:22 UTC 2017
Scope Data =-16384,-16384,-16384,-16384,-16384,-16384,-16384,-16384,-16384,-16384,-16384,-16384,-16384,-16384,-16384,-16384,-16384,-16384,-16384,-16384

Mon 27 Nov 20:39:42 UTC 2017
Scope Data =-16384,-16384,-16384,-16384,-16384,-16384,-16384,-16384,-16384,-16384,-16384,-16384,-16384,-16384,-16384,-16384,-16384,-16384,-16384,-16384

Mon 27 Nov 20:40:17 UTC 2017
Scope Data =-16384,-16384,-16384,-16384,-16384,-16384,-16384,-16384,-16384,-16384,-16384,-16384,-16384,-16384,-16384,-16384,-16384,-16384,-16384,-16384

Mon 27 Nov 20:43:28 UTC 2017
Scope Data =-16384,-16384,-16384,-16384,-16384,-16384,-16384,-16384,-16384,-16384,-16384,-16384,-16384,-16384,-16384,-16384,-16384,-16384,-16384,-16384

Mon 27 Nov 20:45:53 UTC 2017
Scope Data =-16384,-16384,-16384,-16384,-16384,-16384,-16384,-16384,-16384,-16384,-16384,-16384,-16384,-16384,-16384,-16384,-16384,-16384,-16384,-16384

Mon 27 Nov 20:46:25 UTC 2017
Scope Data =-16384,-16384,-16384,-16384,-16384,-16384,-16384,-16384,-16384,-16384,-16384,-16384,-16384,-16384,-16384,-16384,-16384,-16384,-16384,-16384

Mon 27 Nov 20:48:12 UTC 2017
Scope Data =-16384,-16384,-16384,-16384,-16384,-16384,-16384,-16384,-16384,-16384,-16384,-16384,-16384,-16384,-16384,-16384,-16384,-16384,-16384,-16384
